,Страна,Дата,Заражений,Выздоровлений,Смертей,Заражений за день,Выздоровлений за день,Смертей за день
0,Италия,22.01.2020,0,0,0,0,0,0
1,Италия,23.01.2020,0,0,0,0,0,0
2,Италия,24.01.2020,0,0,0,0,0,0
3,Италия,25.01.2020,0,0,0,0,0,0
4,Италия,26.01.2020,0,0,0,0,0,0
5,Италия,27.01.2020,0,0,0,0,0,0
6,Италия,28.01.2020,0,0,0,0,0,0
7,Италия,29.01.2020,0,0,0,0,0,0
8,Италия,30.01.2020,0,0,0,0,0,0
9,Италия,31.01.2020,2,0,0,2,0,0
10,Италия,01.02.2020,2,0,0,0,0,0
11,Италия,02.02.2020,2,0,0,0,0,0
12,Италия,03.02.2020,2,0,0,0,0,0
13,Италия,04.02.2020,2,0,0,0,0,0
14,Италия,05.02.2020,2,0,0,0,0,0
15,Италия,06.02.2020,2,0,0,0,0,0
16,Италия,07.02.2020,3,0,0,1,0,0
17,Италия,08.02.2020,3,0,0,0,0,0
18,Италия,09.02.2020,3,0,0,0,0,0
19,Италия,10.02.2020,3,0,0,0,0,0
20,Италия,11.02.2020,3,0,0,0,0,0
21,Италия,12.02.2020,3,0,0,0,0,0
22,Италия,13.02.2020,3,0,0,0,0,0
23,Италия,14.02.2020,3,0,0,0,0,0
24,Италия,15.02.2020,3,0,0,0,0,0
25,Италия,16.02.2020,3,0,0,0,0,0
26,Италия,17.02.2020,3,0,0,0,0,0
27,Италия,18.02.2020,3,0,0,0,0,0
28,Италия,19.02.2020,3,0,0,0,0,0
29,Италия,20.02.2020,3,0,0,0,0,0
30,Италия,21.02.2020,20,0,1,17,0,1
31,Италия,22.02.2020,62,1,2,42,1,1
32,Италия,23.02.2020,155,2,3,93,1,1
33,Италия,24.02.2020,229,1,7,74,-1,4
34,Италия,25.02.2020,322,1,10,93,0,3
35,Италия,26.02.2020,453,3,12,131,2,2
36,Италия,27.02.2020,655,45,17,202,42,5
37,Италия,28.02.2020,888,46,21,233,1,4
38,Италия,29.02.2020,1128,46,29,240,0,8
39,Италия,01.03.2020,1694,83,34,566,37,5
40,Италия,02.03.2020,2036,149,52,342,66,18
41,Италия,03.03.2020,2502,160,79,466,11,27
42,Италия,04.03.2020,3089,276,107,587,116,28
43,Италия,05.03.2020,3858,414,148,769,138,41
44,Италия,06.03.2020,4636,523,197,778,109,49
45,Италия,07.03.2020,5883,589,233,1247,66,36
46,Италия,08.03.2020,7375,622,366,1492,33,133
47,Италия,09.03.2020,9172,724,463,1797,102,97
48,Италия,10.03.2020,10149,724,631,977,0,168
49,Италия,11.03.2020,12462,1045,827,2313,321,196
50,Италия,12.03.2020,15113,1045,1016,2651,0,189
51,Италия,13.03.2020,17660,1439,1266,2547,394,250
52,Италия,14.03.2020,21157,1966,1441,3497,527,175
53,Италия,15.03.2020,24747,2335,1809,3590,369,368
54,Италия,16.03.2020,27980,2749,2158,3233,414,349
55,Италия,17.03.2020,31506,2941,2503,3526,192,345
56,Италия,18.03.2020,35713,4025,2978,4207,1084,475
57,Италия,19.03.2020,41035,4440,3405,5322,415,427
58,Италия,20.03.2020,47021,4440,4032,5986,0,627
59,Италия,21.03.2020,53578,6072,4825,6557,1632,793
60,Италия,22.03.2020,59138,7024,5476,5560,952,651
61,Италия,23.03.2020,63927,7024,6077,4789,0,601
62,Италия,24.03.2020,69176,8326,6820,5249,1302,743
63,Италия,25.03.2020,74386,9362,7503,5210,1036,683
64,Италия,26.03.2020,80589,10361,8215,6203,999,712
65,Италия,27.03.2020,86498,10950,9134,5909,589,919
66,Италия,28.03.2020,92472,12384,10023,5974,1434,889
67,Италия,29.03.2020,97689,13030,10779,5217,646,756
68,Италия,30.03.2020,101739,14620,11591,4050,1590,812
69,Италия,31.03.2020,105792,15729,12428,4053,1109,837
70,Италия,01.04.2020,110574,16847,13155,4782,1118,727
71,Италия,02.04.2020,115242,18278,13915,4668,1431,760
72,Италия,03.04.2020,119827,19758,14681,4585,1480,766
73,Италия,04.04.2020,124632,20996,15362,4805,1238,681
74,Италия,05.04.2020,128948,21815,15887,4316,819,525
75,Италия,06.04.2020,132547,22837,16523,3599,1022,636
76,Италия,07.04.2020,135586,24392,17127,3039,1555,604
77,Италия,08.04.2020,139422,26491,17669,3836,2099,542
78,Италия,09.04.2020,143626,28470,18279,4204,1979,610
79,Италия,10.04.2020,147577,30455,18849,3951,1985,570
80,Италия,11.04.2020,152271,32534,19468,4694,2079,619
81,Италия,12.04.2020,156363,34211,19899,4092,1677,431
82,Италия,13.04.2020,159516,35435,20465,3153,1224,566
83,Италия,14.04.2020,162488,37130,21067,2972,1695,602
84,Италия,15.04.2020,165155,38092,21645,2667,962,578
85,Италия,16.04.2020,168941,40164,22170,3786,2072,525
86,Италия,17.04.2020,172434,42727,22745,3493,2563,575
87,Италия,18.04.2020,175925,44927,23227,3491,2200,482
88,Италия,19.04.2020,178972,47055,23660,3047,2128,433
89,Италия,20.04.2020,181228,48877,24114,2256,1822,454
90,Италия,21.04.2020,183957,51600,24648,2729,2723,534
91,Италия,22.04.2020,187327,54543,25085,3370,2943,437
92,Италия,23.04.2020,189973,57576,25549,2646,3033,464
93,Италия,24.04.2020,192994,60498,25969,3021,2922,420
94,Италия,25.04.2020,195351,63120,26384,2357,2622,415
95,Италия,26.04.2020,197675,64928,26644,2324,1808,260
96,Италия,27.04.2020,199414,66624,26977,1739,1696,333
97,Италия,28.04.2020,201505,68941,27359,2091,2317,382
98,Италия,29.04.2020,203591,71252,27682,2086,2311,323
99,Италия,30.04.2020,205463,75945,27967,1872,4693,285
100,Италия,01.05.2020,207428,78249,28236,1965,2304,269
101,Италия,02.05.2020,209328,79914,28710,1900,1665,474
102,Италия,03.05.2020,210717,81654,28884,1389,1740,174
103,Италия,04.05.2020,211938,82879,29079,1221,1225,195
104,Италия,05.05.2020,213013,85231,29315,1075,2352,236
105,Италия,06.05.2020,214457,93245,29684,1444,8014,369
106,Италия,07.05.2020,215858,96276,29958,1401,3031,274
107,Италия,08.05.2020,217185,99023,30201,1327,2747,243
108,Италия,09.05.2020,218268,103031,30395,1083,4008,194
109,Италия,10.05.2020,219070,105186,30560,802,2155,165
110,Италия,11.05.2020,219814,106587,30739,744,1401,179
111,Италия,12.05.2020,221216,109039,30911,1402,2452,172
112,Италия,13.05.2020,222104,112541,31106,888,3502,195
113,Италия,14.05.2020,223096,115288,31368,992,2747,262
114,Италия,15.05.2020,223885,120205,31610,789,4917,242
115,Италия,16.05.2020,224760,122810,31763,875,2605,153
116,Италия,17.05.2020,225435,125176,31908,675,2366,145
117,Италия,18.05.2020,225886,127326,32007,451,2150,99
118,Италия,19.05.2020,226699,129401,32169,813,2075,162
119,Италия,20.05.2020,227364,132282,32330,665,2881,161
120,Италия,21.05.2020,228006,134560,32486,642,2278,156
121,Италия,22.05.2020,228658,136720,32616,652,2160,130
122,Италия,23.05.2020,229327,138840,32735,669,2120,119
123,Италия,24.05.2020,229858,140479,32785,531,1639,50
124,Италия,25.05.2020,230158,141981,32877,300,1502,92
125,Италия,26.05.2020,230555,144658,32955,397,2677,78
126,Италия,27.05.2020,231139,147101,33072,584,2443,117
127,Италия,28.05.2020,231732,150604,33142,593,3503,70
128,Италия,29.05.2020,232248,152844,33229,516,2240,87
129,Италия,30.05.2020,232664,155633,33340,416,2789,111
130,Италия,31.05.2020,232997,157507,33415,333,1874,75
131,Италия,01.06.2020,233197,158355,33475,200,848,60
132,Италия,02.06.2020,233515,160092,33530,318,1737,55
133,Италия,03.06.2020,233836,160938,33601,321,846,71
134,Италия,04.06.2020,234013,161895,33689,177,957,88
135,Италия,05.06.2020,234531,163781,33774,518,1886,85
136,Италия,06.06.2020,234801,165078,33846,270,1297,72
137,Италия,07.06.2020,234998,165837,33899,197,759,53
138,Италия,08.06.2020,235278,166584,33964,280,747,65
139,Италия,09.06.2020,235561,168646,34043,283,2062,79
